--------------------------------------------------------------------------------------
Número de nodos del Grafo: 15
Numero de aristas: 19
Nodo Inicial: 1
Nodo Final: 13
--------------------------------------------------------------------------------------
Iteración 1
Nodos generados: 1
Nodos Inspeccionados: -
--------------------------------------------------------------------------------------
Iteración 2
Nodos generados: 1, 2, 3
Nodos Inspeccionados: 1
--------------------------------------------------------------------------------------
Iteración 3
Nodos generados: 1, 2, 3, 3, 4
Nodos Inspeccionados: 1, 2
--------------------------------------------------------------------------------------
Iteración 4
Nodos generados: 1, 2, 3, 3, 4, 2, 4, 11
Nodos Inspeccionados: 1, 2, 3
--------------------------------------------------------------------------------------
Iteración 5
Nodos generados: 1, 2, 3, 3, 4, 2, 4, 11, 4, 11
Nodos Inspeccionados: 1, 2, 3, 3
--------------------------------------------------------------------------------------
Iteración 6
Nodos generados: 1, 2, 3, 3, 4, 2, 4, 11, 4, 11, 3, 6, 12
Nodos Inspeccionados: 1, 2, 3, 3, 4
--------------------------------------------------------------------------------------
Iteración 7
Nodos generados: 1, 2, 3, 3, 4, 2, 4, 11, 4, 11, 3, 6, 12, 4
Nodos Inspeccionados: 1, 2, 3, 3, 4, 2
--------------------------------------------------------------------------------------
Iteración 8
Nodos generados: 1, 2, 3, 3, 4, 2, 4, 11, 4, 11, 3, 6, 12, 4, 2, 6, 12
Nodos Inspeccionados: 1, 2, 3, 3, 4, 2, 4
--------------------------------------------------------------------------------------
Iteración 9
Nodos generados: 1, 2, 3, 3, 4, 2, 4, 11, 4, 11, 3, 6, 12, 4, 2, 6, 12
Nodos Inspeccionados: 1, 2, 3, 3, 4, 2, 4, 11
--------------------------------------------------------------------------------------
Iteración 10
Nodos generados: 1, 2, 3, 3, 4, 2, 4, 11, 4, 11, 3, 6, 12, 4, 2, 6, 12, 6, 12
Nodos Inspeccionados: 1, 2, 3, 3, 4, 2, 4, 11, 4
--------------------------------------------------------------------------------------
Iteración 11
Nodos generados: 1, 2, 3, 3, 4, 2, 4, 11, 4, 11, 3, 6, 12, 4, 2, 6, 12, 6, 12
Nodos Inspeccionados: 1, 2, 3, 3, 4, 2, 4, 11, 4, 11
--------------------------------------------------------------------------------------
Iteración 12
Nodos generados: 1, 2, 3, 3, 4, 2, 4, 11, 4, 11, 3, 6, 12, 4, 2, 6, 12, 6, 12, 11
Nodos Inspeccionados: 1, 2, 3, 3, 4, 2, 4, 11, 4, 11, 3
--------------------------------------------------------------------------------------
Iteración 13
Nodos generados: 1, 2, 3, 3, 4, 2, 4, 11, 4, 11, 3, 6, 12, 4, 2, 6, 12, 6, 12, 11, 5, 7, 9, 10
Nodos Inspeccionados: 1, 2, 3, 3, 4, 2, 4, 11, 4, 11, 3, 6
--------------------------------------------------------------------------------------
Iteración 14
Nodos generados: 1, 2, 3, 3, 4, 2, 4, 11, 4, 11, 3, 6, 12, 4, 2, 6, 12, 6, 12, 11, 5, 7, 9, 10, 5
Nodos Inspeccionados: 1, 2, 3, 3, 4, 2, 4, 11, 4, 11, 3, 6, 12
--------------------------------------------------------------------------------------
Iteración 15
Nodos generados: 1, 2, 3, 3, 4, 2, 4, 11, 4, 11, 3, 6, 12, 4, 2, 6, 12, 6, 12, 11, 5, 7, 9, 10, 5, 6, 12
Nodos Inspeccionados: 1, 2, 3, 3, 4, 2, 4, 11, 4, 11, 3, 6, 12, 4
--------------------------------------------------------------------------------------
Iteración 16
Nodos generados: 1, 2, 3, 3, 4, 2, 4, 11, 4, 11, 3, 6, 12, 4, 2, 6, 12, 6, 12, 11, 5, 7, 9, 10, 5, 6, 12
Nodos Inspeccionados: 1, 2, 3, 3, 4, 2, 4, 11, 4, 11, 3, 6, 12, 4, 2
--------------------------------------------------------------------------------------
Iteración 17
Nodos generados: 1, 2, 3, 3, 4, 2, 4, 11, 4, 11, 3, 6, 12, 4, 2, 6, 12, 6, 12, 11, 5, 7, 9, 10, 5, 6, 12, 5, 7, 9, 10
Nodos Inspeccionados: 1, 2, 3, 3, 4, 2, 4, 11, 4, 11, 3, 6, 12, 4, 2, 6
--------------------------------------------------------------------------------------
Iteración 18
Nodos generados: 1, 2, 3, 3, 4, 2, 4, 11, 4, 11, 3, 6, 12, 4, 2, 6, 12, 6, 12, 11, 5, 7, 9, 10, 5, 6, 12, 5, 7, 9, 10, 5
Nodos Inspeccionados: 1, 2, 3, 3, 4, 2, 4, 11, 4, 11, 3, 6, 12, 4, 2, 6, 12
--------------------------------------------------------------------------------------
Iteración 19
Nodos generados: 1, 2, 3, 3, 4, 2, 4, 11, 4, 11, 3, 6, 12, 4, 2, 6, 12, 6, 12, 11, 5, 7, 9, 10, 5, 6, 12, 5, 7, 9, 10, 5, 5, 7, 9, 10
Nodos Inspeccionados: 1, 2, 3, 3, 4, 2, 4, 11, 4, 11, 3, 6, 12, 4, 2, 6, 12, 6
--------------------------------------------------------------------------------------
Iteración 20
Nodos generados: 1, 2, 3, 3, 4, 2, 4, 11, 4, 11, 3, 6, 12, 4, 2, 6, 12, 6, 12, 11, 5, 7, 9, 10, 5, 6, 12, 5, 7, 9, 10, 5, 5, 7, 9, 10, 5
Nodos Inspeccionados: 1, 2, 3, 3, 4, 2, 4, 11, 4, 11, 3, 6, 12, 4, 2, 6, 12, 6, 12
--------------------------------------------------------------------------------------
Iteración 21
Nodos generados: 1, 2, 3, 3, 4, 2, 4, 11, 4, 11, 3, 6, 12, 4, 2, 6, 12, 6, 12, 11, 5, 7, 9, 10, 5, 6, 12, 5, 7, 9, 10, 5, 5, 7, 9, 10, 5
Nodos Inspeccionados: 1, 2, 3, 3, 4, 2, 4, 11, 4, 11, 3, 6, 12, 4, 2, 6, 12, 6, 12, 11
--------------------------------------------------------------------------------------
Iteración 22
Nodos generados: 1, 2, 3, 3, 4, 2, 4, 11, 4, 11, 3, 6, 12, 4, 2, 6, 12, 6, 12, 11, 5, 7, 9, 10, 5, 6, 12, 5, 7, 9, 10, 5, 5, 7, 9, 10, 5, 12, 13
Nodos Inspeccionados: 1, 2, 3, 3, 4, 2, 4, 11, 4, 11, 3, 6, 12, 4, 2, 6, 12, 6, 12, 11, 5
--------------------------------------------------------------------------------------
Iteración 23
Nodos generados: 1, 2, 3, 3, 4, 2, 4, 11, 4, 11, 3, 6, 12, 4, 2, 6, 12, 6, 12, 11, 5, 7, 9, 10, 5, 6, 12, 5, 7, 9, 10, 5, 5, 7, 9, 10, 5, 12, 13, 8, 15
Nodos Inspeccionados: 1, 2, 3, 3, 4, 2, 4, 11, 4, 11, 3, 6, 12, 4, 2, 6, 12, 6, 12, 11, 5, 7
--------------------------------------------------------------------------------------
Iteración 24
Nodos generados: 1, 2, 3, 3, 4, 2, 4, 11, 4, 11, 3, 6, 12, 4, 2, 6, 12, 6, 12, 11, 5, 7, 9, 10, 5, 6, 12, 5, 7, 9, 10, 5, 5, 7, 9, 10, 5, 12, 13, 8, 15, 15
Nodos Inspeccionados: 1, 2, 3, 3, 4, 2, 4, 11, 4, 11, 3, 6, 12, 4, 2, 6, 12, 6, 12, 11, 5, 7, 9
--------------------------------------------------------------------------------------
Iteración 25
Nodos generados: 1, 2, 3, 3, 4, 2, 4, 11, 4, 11, 3, 6, 12, 4, 2, 6, 12, 6, 12, 11, 5, 7, 9, 10, 5, 6, 12, 5, 7, 9, 10, 5, 5, 7, 9, 10, 5, 12, 13, 8, 15, 15
Nodos Inspeccionados: 1, 2, 3, 3, 4, 2, 4, 11, 4, 11, 3, 6, 12, 4, 2, 6, 12, 6, 12, 11, 5, 7, 9, 10
--------------------------------------------------------------------------------------
Iteración 26
Nodos generados: 1, 2, 3, 3, 4, 2, 4, 11, 4, 11, 3, 6, 12, 4, 2, 6, 12, 6, 12, 11, 5, 7, 9, 10, 5, 6, 12, 5, 7, 9, 10, 5, 5, 7, 9, 10, 5, 12, 13, 8, 15, 15, 6, 13
Nodos Inspeccionados: 1, 2, 3, 3, 4, 2, 4, 11, 4, 11, 3, 6, 12, 4, 2, 6, 12, 6, 12, 11, 5, 7, 9, 10, 5
--------------------------------------------------------------------------------------
Iteración 27
Nodos generados: 1, 2, 3, 3, 4, 2, 4, 11, 4, 11, 3, 6, 12, 4, 2, 6, 12, 6, 12, 11, 5, 7, 9, 10, 5, 6, 12, 5, 7, 9, 10, 5, 5, 7, 9, 10, 5, 12, 13, 8, 15, 15, 6, 13, 5, 7, 9, 10
Nodos Inspeccionados: 1, 2, 3, 3, 4, 2, 4, 11, 4, 11, 3, 6, 12, 4, 2, 6, 12, 6, 12, 11, 5, 7, 9, 10, 5, 6
--------------------------------------------------------------------------------------
Iteración 28
Nodos generados: 1, 2, 3, 3, 4, 2, 4, 11, 4, 11, 3, 6, 12, 4, 2, 6, 12, 6, 12, 11, 5, 7, 9, 10, 5, 6, 12, 5, 7, 9, 10, 5, 5, 7, 9, 10, 5, 12, 13, 8, 15, 15, 6, 13, 5, 7, 9, 10, 5
Nodos Inspeccionados: 1, 2, 3, 3, 4, 2, 4, 11, 4, 11, 3, 6, 12, 4, 2, 6, 12, 6, 12, 11, 5, 7, 9, 10, 5, 6, 12
--------------------------------------------------------------------------------------
Iteración 29
Nodos generados: 1, 2, 3, 3, 4, 2, 4, 11, 4, 11, 3, 6, 12, 4, 2, 6, 12, 6, 12, 11, 5, 7, 9, 10, 5, 6, 12, 5, 7, 9, 10, 5, 5, 7, 9, 10, 5, 12, 13, 8, 15, 15, 6, 13, 5, 7, 9, 10, 5, 12, 13
Nodos Inspeccionados: 1, 2, 3, 3, 4, 2, 4, 11, 4, 11, 3, 6, 12, 4, 2, 6, 12, 6, 12, 11, 5, 7, 9, 10, 5, 6, 12, 5
--------------------------------------------------------------------------------------
Iteración 30
Nodos generados: 1, 2, 3, 3, 4, 2, 4, 11, 4, 11, 3, 6, 12, 4, 2, 6, 12, 6, 12, 11, 5, 7, 9, 10, 5, 6, 12, 5, 7, 9, 10, 5, 5, 7, 9, 10, 5, 12, 13, 8, 15, 15, 6, 13, 5, 7, 9, 10, 5, 12, 13, 8, 15
Nodos Inspeccionados: 1, 2, 3, 3, 4, 2, 4, 11, 4, 11, 3, 6, 12, 4, 2, 6, 12, 6, 12, 11, 5, 7, 9, 10, 5, 6, 12, 5, 7
--------------------------------------------------------------------------------------
Iteración 31
Nodos generados: 1, 2, 3, 3, 4, 2, 4, 11, 4, 11, 3, 6, 12, 4, 2, 6, 12, 6, 12, 11, 5, 7, 9, 10, 5, 6, 12, 5, 7, 9, 10, 5, 5, 7, 9, 10, 5, 12, 13, 8, 15, 15, 6, 13, 5, 7, 9, 10, 5, 12, 13, 8, 15, 15
Nodos Inspeccionados: 1, 2, 3, 3, 4, 2, 4, 11, 4, 11, 3, 6, 12, 4, 2, 6, 12, 6, 12, 11, 5, 7, 9, 10, 5, 6, 12, 5, 7, 9
--------------------------------------------------------------------------------------
Iteración 32
Nodos generados: 1, 2, 3, 3, 4, 2, 4, 11, 4, 11, 3, 6, 12, 4, 2, 6, 12, 6, 12, 11, 5, 7, 9, 10, 5, 6, 12, 5, 7, 9, 10, 5, 5, 7, 9, 10, 5, 12, 13, 8, 15, 15, 6, 13, 5, 7, 9, 10, 5, 12, 13, 8, 15, 15
Nodos Inspeccionados: 1, 2, 3, 3, 4, 2, 4, 11, 4, 11, 3, 6, 12, 4, 2, 6, 12, 6, 12, 11, 5, 7, 9, 10, 5, 6, 12, 5, 7, 9, 10
--------------------------------------------------------------------------------------
Iteración 33
Nodos generados: 1, 2, 3, 3, 4, 2, 4, 11, 4, 11, 3, 6, 12, 4, 2, 6, 12, 6, 12, 11, 5, 7, 9, 10, 5, 6, 12, 5, 7, 9, 10, 5, 5, 7, 9, 10, 5, 12, 13, 8, 15, 15, 6, 13, 5, 7, 9, 10, 5, 12, 13, 8, 15, 15, 6, 13
Nodos Inspeccionados: 1, 2, 3, 3, 4, 2, 4, 11, 4, 11, 3, 6, 12, 4, 2, 6, 12, 6, 12, 11, 5, 7, 9, 10, 5, 6, 12, 5, 7, 9, 10, 5
--------------------------------------------------------------------------------------
Iteración 34
Nodos generados: 1, 2, 3, 3, 4, 2, 4, 11, 4, 11, 3, 6, 12, 4, 2, 6, 12, 6, 12, 11, 5, 7, 9, 10, 5, 6, 12, 5, 7, 9, 10, 5, 5, 7, 9, 10, 5, 12, 13, 8, 15, 15, 6, 13, 5, 7, 9, 10, 5, 12, 13, 8, 15, 15, 6, 13, 12, 13
Nodos Inspeccionados: 1, 2, 3, 3, 4, 2, 4, 11, 4, 11, 3, 6, 12, 4, 2, 6, 12, 6, 12, 11, 5, 7, 9, 10, 5, 6, 12, 5, 7, 9, 10, 5, 5
--------------------------------------------------------------------------------------
Iteración 35
Nodos generados: 1, 2, 3, 3, 4, 2, 4, 11, 4, 11, 3, 6, 12, 4, 2, 6, 12, 6, 12, 11, 5, 7, 9, 10, 5, 6, 12, 5, 7, 9, 10, 5, 5, 7, 9, 10, 5, 12, 13, 8, 15, 15, 6, 13, 5, 7, 9, 10, 5, 12, 13, 8, 15, 15, 6, 13, 12, 13, 8, 15
Nodos Inspeccionados: 1, 2, 3, 3, 4, 2, 4, 11, 4, 11, 3, 6, 12, 4, 2, 6, 12, 6, 12, 11, 5, 7, 9, 10, 5, 6, 12, 5, 7, 9, 10, 5, 5, 7
--------------------------------------------------------------------------------------
Iteración 36
Nodos generados: 1, 2, 3, 3, 4, 2, 4, 11, 4, 11, 3, 6, 12, 4, 2, 6, 12, 6, 12, 11, 5, 7, 9, 10, 5, 6, 12, 5, 7, 9, 10, 5, 5, 7, 9, 10, 5, 12, 13, 8, 15, 15, 6, 13, 5, 7, 9, 10, 5, 12, 13, 8, 15, 15, 6, 13, 12, 13, 8, 15, 15
Nodos Inspeccionados: 1, 2, 3, 3, 4, 2, 4, 11, 4, 11, 3, 6, 12, 4, 2, 6, 12, 6, 12, 11, 5, 7, 9, 10, 5, 6, 12, 5, 7, 9, 10, 5, 5, 7, 9
--------------------------------------------------------------------------------------
Iteración 37
Nodos generados: 1, 2, 3, 3, 4, 2, 4, 11, 4, 11, 3, 6, 12, 4, 2, 6, 12, 6, 12, 11, 5, 7, 9, 10, 5, 6, 12, 5, 7, 9, 10, 5, 5, 7, 9, 10, 5, 12, 13, 8, 15, 15, 6, 13, 5, 7, 9, 10, 5, 12, 13, 8, 15, 15, 6, 13, 12, 13, 8, 15, 15
Nodos Inspeccionados: 1, 2, 3, 3, 4, 2, 4, 11, 4, 11, 3, 6, 12, 4, 2, 6, 12, 6, 12, 11, 5, 7, 9, 10, 5, 6, 12, 5, 7, 9, 10, 5, 5, 7, 9, 10
--------------------------------------------------------------------------------------
Iteración 38
Nodos generados: 1, 2, 3, 3, 4, 2, 4, 11, 4, 11, 3, 6, 12, 4, 2, 6, 12, 6, 12, 11, 5, 7, 9, 10, 5, 6, 12, 5, 7, 9, 10, 5, 5, 7, 9, 10, 5, 12, 13, 8, 15, 15, 6, 13, 5, 7, 9, 10, 5, 12, 13, 8, 15, 15, 6, 13, 12, 13, 8, 15, 15, 6, 13
Nodos Inspeccionados: 1, 2, 3, 3, 4, 2, 4, 11, 4, 11, 3, 6, 12, 4, 2, 6, 12, 6, 12, 11, 5, 7, 9, 10, 5, 6, 12, 5, 7, 9, 10, 5, 5, 7, 9, 10, 5
--------------------------------------------------------------------------------------
Iteración 39
Nodos generados: 1, 2, 3, 3, 4, 2, 4, 11, 4, 11, 3, 6, 12, 4, 2, 6, 12, 6, 12, 11, 5, 7, 9, 10, 5, 6, 12, 5, 7, 9, 10, 5, 5, 7, 9, 10, 5, 12, 13, 8, 15, 15, 6, 13, 5, 7, 9, 10, 5, 12, 13, 8, 15, 15, 6, 13, 12, 13, 8, 15, 15, 6, 13
Nodos Inspeccionados: 1, 2, 3, 3, 4, 2, 4, 11, 4, 11, 3, 6, 12, 4, 2, 6, 12, 6, 12, 11, 5, 7, 9, 10, 5, 6, 12, 5, 7, 9, 10, 5, 5, 7, 9, 10, 5, 12
--------------------------------------------------------------------------------------
1 - 2 - 4 - 6 - 5 - 
--------------------------------------------------------------------------------------
--------------------------------------------------------------------------------------
