11
10
1 1 1 1 1 1 1 1 1 1 
1 0 0 1 0 0 0 0 0 1 
1 0 0 1 0 0 0 0 0 1 
1 0 0 1 0 0 1 0 0 1 
3 0 0 1 1 1 1 0 0 1 
1 0 0 0 0 0 0 0 0 4 
1 0 0 0 0 0 0 0 0 1 
1 0 0 1 1 1 1 0 0 1 
1 0 0 1 0 0 0 0 0 1 
1 0 0 1 0 0 0 0 0 1 
1 1 1 1 1 1 1 1 1 1 
Iteración 1
Abiertos: 

Cerrados: 

Iteración 2
Abiertos: 
(5,1) ,(3,1) ,(4,1) ,
Cerrados: 
(4,0) ,
Iteración 3
Abiertos: 
(5,2) ,(6,1) ,(4,2) ,(6,2) ,(5,1) ,(3,1) ,(4,1) ,
Cerrados: 
(5,1) ,(4,0) ,
Iteración 4
Abiertos: 
(5,2) ,(6,1) ,(4,2) ,(6,2) ,(5,1) ,(3,2) ,(3,1) ,(4,1) ,
Cerrados: 
(5,1) ,(4,1) ,(4,0) ,
Iteración 5
Abiertos: 
(5,2) ,(6,1) ,(4,2) ,(6,2) ,(5,1) ,(3,2) ,(3,1) ,(4,1) ,(6,3) ,(5,3) ,
Cerrados: 
(5,2) ,(5,1) ,(4,1) ,(4,0) ,
Iteración 6
Abiertos: 
(5,2) ,(6,1) ,(4,2) ,(6,2) ,(5,1) ,(3,2) ,(3,1) ,(4,1) ,(6,3) ,(5,3) ,
Cerrados: 
(5,2) ,(4,2) ,(5,1) ,(4,1) ,(4,0) ,
Iteración 7
Abiertos: 
(5,2) ,(6,1) ,(4,2) ,(6,2) ,(5,1) ,(3,2) ,(3,1) ,(4,1) ,(6,3) ,(5,3) ,(6,4) ,(5,4) ,
Cerrados: 
(5,2) ,(4,2) ,(5,1) ,(4,1) ,(4,0) ,(5,3) ,
Iteración 8
Abiertos: 
(5,2) ,(6,1) ,(4,2) ,(6,2) ,(5,1) ,(3,2) ,(3,1) ,(4,1) ,(6,3) ,(5,3) ,(2,2) ,(2,1) ,(6,4) ,(5,4) ,
Cerrados: 
(5,2) ,(4,2) ,(5,1) ,(3,1) ,(4,1) ,(4,0) ,(5,3) ,
Iteración 9
Abiertos: 
(5,2) ,(6,1) ,(4,2) ,(6,2) ,(5,1) ,(3,2) ,(3,1) ,(4,1) ,(6,3) ,(5,3) ,(6,5) ,(5,5) ,(2,2) ,(2,1) ,(6,4) ,(5,4) ,
Cerrados: 
(5,2) ,(4,2) ,(5,1) ,(3,1) ,(4,1) ,(4,0) ,(5,3) ,(5,4) ,
Iteración 10
Abiertos: 
(5,2) ,(6,1) ,(4,2) ,(6,2) ,(5,1) ,(3,2) ,(3,1) ,(4,1) ,(7,1) ,(7,2) ,(6,3) ,(5,3) ,(6,5) ,(5,5) ,(2,2) ,(2,1) ,(6,4) ,(5,4) ,
Cerrados: 
(5,2) ,(4,2) ,(6,2) ,(5,1) ,(3,1) ,(4,1) ,(4,0) ,(5,3) ,(5,4) ,
Iteración 11
Abiertos: 
(5,2) ,(6,1) ,(4,2) ,(6,2) ,(5,1) ,(3,2) ,(3,1) ,(4,1) ,(7,1) ,(7,2) ,(6,3) ,(5,3) ,(6,5) ,(5,5) ,(2,2) ,(2,1) ,(6,4) ,(5,4) ,
Cerrados: 
(5,2) ,(6,1) ,(4,2) ,(6,2) ,(5,1) ,(3,1) ,(4,1) ,(4,0) ,(5,3) ,(5,4) ,
Iteración 12
Abiertos: 
(5,2) ,(6,1) ,(4,2) ,(6,2) ,(5,1) ,(3,2) ,(3,1) ,(4,1) ,(7,1) ,(7,2) ,(6,3) ,(5,3) ,(6,5) ,(5,5) ,(2,2) ,(2,1) ,(6,4) ,(5,4) ,
Cerrados: 
(5,2) ,(6,1) ,(4,2) ,(6,2) ,(5,1) ,(3,2) ,(3,1) ,(4,1) ,(4,0) ,(5,3) ,(5,4) ,
Iteración 13
Abiertos: 
(5,2) ,(6,1) ,(4,2) ,(6,2) ,(5,1) ,(3,2) ,(3,1) ,(4,1) ,(7,1) ,(7,2) ,(6,3) ,(5,3) ,(6,5) ,(5,5) ,(2,2) ,(5,6) ,(6,6) ,(2,1) ,(6,4) ,(5,4) ,
Cerrados: 
(5,2) ,(6,1) ,(4,2) ,(6,2) ,(5,1) ,(3,2) ,(3,1) ,(4,1) ,(4,0) ,(5,3) ,(5,5) ,(5,4) ,
Iteración 14
Abiertos: 
(5,2) ,(6,1) ,(4,2) ,(6,2) ,(5,1) ,(3,2) ,(3,1) ,(4,1) ,(7,1) ,(7,2) ,(6,3) ,(5,3) ,(6,5) ,(5,5) ,(2,2) ,(5,6) ,(6,6) ,(2,1) ,(6,4) ,(5,4) ,
Cerrados: 
(5,2) ,(6,1) ,(4,2) ,(6,2) ,(5,1) ,(3,2) ,(3,1) ,(4,1) ,(4,0) ,(6,3) ,(5,3) ,(5,5) ,(5,4) ,
Iteración 15
Abiertos: 
(5,2) ,(6,1) ,(4,2) ,(6,2) ,(5,1) ,(3,2) ,(3,1) ,(4,1) ,(7,1) ,(7,2) ,(6,3) ,(4,7) ,(6,7) ,(5,3) ,(6,5) ,(5,7) ,(5,5) ,(2,2) ,(5,6) ,(6,6) ,(2,1) ,(6,4) ,(5,4) ,
Cerrados: 
(5,2) ,(6,1) ,(4,2) ,(6,2) ,(5,1) ,(3,2) ,(3,1) ,(4,1) ,(4,0) ,(6,3) ,(5,3) ,(5,5) ,(5,6) ,(5,4) ,
Iteración 16
Abiertos: 
(5,2) ,(6,1) ,(4,2) ,(6,2) ,(5,1) ,(3,2) ,(3,1) ,(4,1) ,(7,1) ,(7,2) ,(6,3) ,(4,7) ,(6,7) ,(5,3) ,(6,5) ,(5,7) ,(5,5) ,(2,2) ,(5,6) ,(6,6) ,(2,1) ,(6,4) ,(5,4) ,
Cerrados: 
(5,2) ,(6,1) ,(4,2) ,(6,2) ,(5,1) ,(3,2) ,(3,1) ,(4,1) ,(4,0) ,(6,3) ,(5,3) ,(5,5) ,(5,6) ,(6,4) ,(5,4) ,
Iteración 17
Abiertos: 
(5,2) ,(6,1) ,(4,2) ,(6,2) ,(5,1) ,(3,2) ,(3,1) ,(4,1) ,(7,1) ,(7,2) ,(6,3) ,(4,7) ,(6,7) ,(5,3) ,(6,5) ,(5,7) ,(5,5) ,(2,2) ,(5,6) ,(6,6) ,(2,1) ,(6,4) ,(5,4) ,(5,8) ,(4,8) ,(6,8) ,
Cerrados: 
(5,2) ,(6,1) ,(4,2) ,(6,2) ,(5,1) ,(3,2) ,(3,1) ,(4,1) ,(4,0) ,(6,3) ,(5,3) ,(5,7) ,(5,5) ,(5,6) ,(6,4) ,(5,4) ,
Iteración 18
Abiertos: 
(5,2) ,(6,1) ,(4,2) ,(6,2) ,(5,1) ,(3,2) ,(3,1) ,(4,1) ,(7,1) ,(7,2) ,(6,3) ,(4,7) ,(6,7) ,(5,3) ,(6,5) ,(5,7) ,(5,5) ,(2,2) ,(5,6) ,(6,6) ,(2,1) ,(6,4) ,(5,4) ,(5,8) ,(4,8) ,(6,8) ,
Cerrados: 
(5,2) ,(6,1) ,(4,2) ,(6,2) ,(5,1) ,(3,2) ,(3,1) ,(4,1) ,(4,0) ,(6,3) ,(5,3) ,(6,5) ,(5,7) ,(5,5) ,(5,6) ,(6,4) ,(5,4) ,
Iteración 19
Abiertos: 
(5,2) ,(6,1) ,(4,2) ,(6,2) ,(5,1) ,(3,2) ,(3,1) ,(4,1) ,(7,1) ,(7,2) ,(6,3) ,(4,7) ,(6,7) ,(5,3) ,(6,5) ,(5,7) ,(5,5) ,(2,2) ,(5,6) ,(6,6) ,(2,1) ,(6,4) ,(5,4) ,(5,8) ,(4,8) ,(6,8) ,(1,2) ,(1,1) ,
Cerrados: 
(5,2) ,(6,1) ,(4,2) ,(6,2) ,(5,1) ,(3,2) ,(3,1) ,(4,1) ,(4,0) ,(6,3) ,(5,3) ,(6,5) ,(5,7) ,(5,5) ,(2,2) ,(5,6) ,(6,4) ,(5,4) ,
Iteración 20
Abiertos: 
(5,2) ,(6,1) ,(4,2) ,(6,2) ,(5,1) ,(3,2) ,(3,1) ,(4,1) ,(7,1) ,(7,2) ,(6,3) ,(4,7) ,(6,7) ,(5,3) ,(6,5) ,(5,7) ,(5,5) ,(2,2) ,(5,6) ,(6,6) ,(2,1) ,(6,4) ,(5,4) ,(5,8) ,(4,8) ,(6,8) ,(1,2) ,(1,1) ,
Cerrados: 
(5,2) ,(6,1) ,(4,2) ,(6,2) ,(5,1) ,(3,2) ,(3,1) ,(4,1) ,(4,0) ,(6,3) ,(5,3) ,(6,5) ,(5,7) ,(5,5) ,(2,2) ,(5,6) ,(2,1) ,(6,4) ,(5,4) ,
Iteración 21
Abiertos: 
(5,2) ,(6,1) ,(4,2) ,(6,2) ,(5,1) ,(3,2) ,(3,1) ,(4,1) ,(7,1) ,(7,2) ,(6,3) ,(4,7) ,(6,7) ,(5,3) ,(6,5) ,(5,7) ,(5,5) ,(2,2) ,(5,6) ,(6,6) ,(2,1) ,(6,4) ,(5,4) ,(5,8) ,(4,8) ,(6,8) ,(1,2) ,(1,1) ,(5,9) ,
Cerrados: 
(5,2) ,(6,1) ,(4,2) ,(6,2) ,(5,1) ,(3,2) ,(3,1) ,(4,1) ,(4,0) ,(6,3) ,(5,3) ,(6,5) ,(5,7) ,(5,5) ,(2,2) ,(5,6) ,(2,1) ,(6,4) ,(5,4) ,(5,8) ,
Iteración 22
Abiertos: 
(5,2) ,(6,1) ,(4,2) ,(6,2) ,(5,1) ,(3,2) ,(3,1) ,(4,1) ,(7,1) ,(7,2) ,(6,3) ,(4,7) ,(6,7) ,(5,3) ,(6,5) ,(5,7) ,(5,5) ,(2,2) ,(5,6) ,(6,6) ,(2,1) ,(6,4) ,(5,4) ,(5,8) ,(4,8) ,(6,8) ,(1,2) ,(1,1) ,(5,9) ,(8,2) ,(8,1) ,
Cerrados: 
(5,2) ,(6,1) ,(4,2) ,(6,2) ,(5,1) ,(3,2) ,(3,1) ,(4,1) ,(4,0) ,(7,2) ,(6,3) ,(5,3) ,(6,5) ,(5,7) ,(5,5) ,(2,2) ,(5,6) ,(2,1) ,(6,4) ,(5,4) ,(5,8) ,
Iteración 23
Abiertos: 
(5,2) ,(6,1) ,(4,2) ,(6,2) ,(5,1) ,(3,2) ,(3,1) ,(4,1) ,(7,1) ,(7,2) ,(6,3) ,(4,7) ,(6,7) ,(5,3) ,(6,5) ,(5,7) ,(5,5) ,(2,2) ,(5,6) ,(6,6) ,(2,1) ,(6,4) ,(5,4) ,(5,8) ,(4,8) ,(6,8) ,(1,2) ,(1,1) ,(5,9) ,(8,2) ,(8,1) ,(7,7) ,
Cerrados: 
(5,2) ,(6,1) ,(4,2) ,(6,2) ,(5,1) ,(3,2) ,(3,1) ,(4,1) ,(4,0) ,(7,2) ,(6,3) ,(5,3) ,(6,5) ,(5,7) ,(5,5) ,(2,2) ,(5,6) ,(6,6) ,(2,1) ,(6,4) ,(5,4) ,(5,8) ,
Iteración 24
Abiertos: 
(5,2) ,(6,1) ,(4,2) ,(6,2) ,(5,1) ,(3,2) ,(3,1) ,(4,1) ,(7,1) ,(7,2) ,(6,3) ,(4,7) ,(6,7) ,(5,3) ,(6,5) ,(5,7) ,(5,5) ,(2,2) ,(5,6) ,(6,6) ,(2,1) ,(6,4) ,(5,4) ,(5,8) ,(4,8) ,(6,8) ,(1,2) ,(1,1) ,(5,9) ,(8,2) ,(8,1) ,(7,7) ,
Cerrados: 
(5,2) ,(6,1) ,(4,2) ,(6,2) ,(5,1) ,(3,2) ,(3,1) ,(4,1) ,(4,0) ,(7,1) ,(7,2) ,(6,3) ,(5,3) ,(6,5) ,(5,7) ,(5,5) ,(2,2) ,(5,6) ,(6,6) ,(2,1) ,(6,4) ,(5,4) ,(5,8) ,
██████████
█  █     █
█  █     █
█  █  █  █
E  ████  █
█********S
█        █
█  ████  █
█  █     █
█  █     █
██████████
Instancia n m S E Camino Coste Número de nodos generados Número de nodos inspeccionados
-------------------------------------------------------------
n: 11 m: 10 S: (4,0) E: (5,9)
Coste: 47
Número de nodos generados: 33
Número de nodos inspeccionados: 23
