
(4,1) ,(3,1) ,(5,1) ,
(4,1) ,(3,1) ,(5,1) ,(6,1) ,(5,2) ,(4,2) ,(6,2) ,
(4,1) ,(3,1) ,(5,1) ,(6,1) ,(5,2) ,(4,2) ,(6,2) ,(3,2) ,
(4,1) ,(3,1) ,(5,1) ,(6,1) ,(5,2) ,(4,2) ,(6,2) ,(3,2) ,(5,3) ,(6,3) ,
(4,1) ,(3,1) ,(5,1) ,(6,1) ,(5,2) ,(4,2) ,(6,2) ,(3,2) ,(5,3) ,(6,3) ,
(4,1) ,(3,1) ,(5,1) ,(6,1) ,(5,2) ,(4,2) ,(6,2) ,(3,2) ,(5,3) ,(6,3) ,(5,4) ,(6,4) ,
(4,1) ,(3,1) ,(5,1) ,(6,1) ,(5,2) ,(4,2) ,(6,2) ,(3,2) ,(5,3) ,(6,3) ,(5,4) ,(6,4) ,(2,1) ,(2,2) ,
(4,1) ,(3,1) ,(5,1) ,(6,1) ,(5,2) ,(4,2) ,(6,2) ,(3,2) ,(5,3) ,(6,3) ,(5,4) ,(6,4) ,(2,1) ,(2,2) ,(5,5) ,(6,5) ,
(4,1) ,(3,1) ,(5,1) ,(6,1) ,(5,2) ,(4,2) ,(6,2) ,(3,2) ,(5,3) ,(6,3) ,(5,4) ,(6,4) ,(2,1) ,(2,2) ,(5,5) ,(6,5) ,(7,2) ,(7,1) ,
(4,1) ,(3,1) ,(5,1) ,(6,1) ,(5,2) ,(4,2) ,(6,2) ,(3,2) ,(5,3) ,(6,3) ,(5,4) ,(6,4) ,(2,1) ,(2,2) ,(5,5) ,(6,5) ,(7,2) ,(7,1) ,
(4,1) ,(3,1) ,(5,1) ,(6,1) ,(5,2) ,(4,2) ,(6,2) ,(3,2) ,(5,3) ,(6,3) ,(5,4) ,(6,4) ,(2,1) ,(2,2) ,(5,5) ,(6,5) ,(7,2) ,(7,1) ,
(4,1) ,(3,1) ,(5,1) ,(6,1) ,(5,2) ,(4,2) ,(6,2) ,(3,2) ,(5,3) ,(6,3) ,(5,4) ,(6,4) ,(2,1) ,(2,2) ,(5,5) ,(6,5) ,(7,2) ,(7,1) ,(5,6) ,(6,6) ,
(4,1) ,(3,1) ,(5,1) ,(6,1) ,(5,2) ,(4,2) ,(6,2) ,(3,2) ,(5,3) ,(6,3) ,(5,4) ,(6,4) ,(2,1) ,(2,2) ,(5,5) ,(6,5) ,(7,2) ,(7,1) ,(5,6) ,(6,6) ,
(4,1) ,(3,1) ,(5,1) ,(6,1) ,(5,2) ,(4,2) ,(6,2) ,(3,2) ,(5,3) ,(6,3) ,(5,4) ,(6,4) ,(2,1) ,(2,2) ,(5,5) ,(6,5) ,(7,2) ,(7,1) ,(5,6) ,(6,6) ,(5,7) ,(4,7) ,(6,7) ,
(4,1) ,(3,1) ,(5,1) ,(6,1) ,(5,2) ,(4,2) ,(6,2) ,(3,2) ,(5,3) ,(6,3) ,(5,4) ,(6,4) ,(2,1) ,(2,2) ,(5,5) ,(6,5) ,(7,2) ,(7,1) ,(5,6) ,(6,6) ,(5,7) ,(4,7) ,(6,7) ,
(4,1) ,(3,1) ,(5,1) ,(6,1) ,(5,2) ,(4,2) ,(6,2) ,(3,2) ,(5,3) ,(6,3) ,(5,4) ,(6,4) ,(2,1) ,(2,2) ,(5,5) ,(6,5) ,(7,2) ,(7,1) ,(5,6) ,(6,6) ,(5,7) ,(4,7) ,(6,7) ,(5,8) ,(4,8) ,(6,8) ,
(4,1) ,(3,1) ,(5,1) ,(6,1) ,(5,2) ,(4,2) ,(6,2) ,(3,2) ,(5,3) ,(6,3) ,(5,4) ,(6,4) ,(2,1) ,(2,2) ,(5,5) ,(6,5) ,(7,2) ,(7,1) ,(5,6) ,(6,6) ,(5,7) ,(4,7) ,(6,7) ,(5,8) ,(4,8) ,(6,8) ,(1,2) ,(1,1) ,
(4,1) ,(3,1) ,(5,1) ,(6,1) ,(5,2) ,(4,2) ,(6,2) ,(3,2) ,(5,3) ,(6,3) ,(5,4) ,(6,4) ,(2,1) ,(2,2) ,(5,5) ,(6,5) ,(7,2) ,(7,1) ,(5,6) ,(6,6) ,(5,7) ,(4,7) ,(6,7) ,(5,8) ,(4,8) ,(6,8) ,(1,2) ,(1,1) ,
(4,1) ,(3,1) ,(5,1) ,(6,1) ,(5,2) ,(4,2) ,(6,2) ,(3,2) ,(5,3) ,(6,3) ,(5,4) ,(6,4) ,(2,1) ,(2,2) ,(5,5) ,(6,5) ,(7,2) ,(7,1) ,(5,6) ,(6,6) ,(5,7) ,(4,7) ,(6,7) ,(5,8) ,(4,8) ,(6,8) ,(1,2) ,(1,1) ,
(4,1) ,(3,1) ,(5,1) ,(6,1) ,(5,2) ,(4,2) ,(6,2) ,(3,2) ,(5,3) ,(6,3) ,(5,4) ,(6,4) ,(2,1) ,(2,2) ,(5,5) ,(6,5) ,(7,2) ,(7,1) ,(5,6) ,(6,6) ,(5,7) ,(4,7) ,(6,7) ,(5,8) ,(4,8) ,(6,8) ,(1,2) ,(1,1) ,(5,9) ,
(4,1) ,(3,1) ,(5,1) ,(6,1) ,(5,2) ,(4,2) ,(6,2) ,(3,2) ,(5,3) ,(6,3) ,(5,4) ,(6,4) ,(2,1) ,(2,2) ,(5,5) ,(6,5) ,(7,2) ,(7,1) ,(5,6) ,(6,6) ,(5,7) ,(4,7) ,(6,7) ,(5,8) ,(4,8) ,(6,8) ,(1,2) ,(1,1) ,(5,9) ,(8,2) ,(8,1) ,
(4,1) ,(3,1) ,(5,1) ,(6,1) ,(5,2) ,(4,2) ,(6,2) ,(3,2) ,(5,3) ,(6,3) ,(5,4) ,(6,4) ,(2,1) ,(2,2) ,(5,5) ,(6,5) ,(7,2) ,(7,1) ,(5,6) ,(6,6) ,(5,7) ,(4,7) ,(6,7) ,(5,8) ,(4,8) ,(6,8) ,(1,2) ,(1,1) ,(5,9) ,(8,2) ,(8,1) ,(7,7) ,
(4,1) ,(3,1) ,(5,1) ,(6,1) ,(5,2) ,(4,2) ,(6,2) ,(3,2) ,(5,3) ,(6,3) ,(5,4) ,(6,4) ,(2,1) ,(2,2) ,(5,5) ,(6,5) ,(7,2) ,(7,1) ,(5,6) ,(6,6) ,(5,7) ,(4,7) ,(6,7) ,(5,8) ,(4,8) ,(6,8) ,(1,2) ,(1,1) ,(5,9) ,(8,2) ,(8,1) ,(7,7) ,
██████████
█  █     █
█  █     █
█  █  █  █
E  ████  █
█********S
█        █
█  ████  █
█  █     █
█  █     █
██████████
Instancia n m S E Camino Coste Número de nodos generados Número de nodos inspeccionados
-------------------------------------------------------------
n: 11 m: 10 S: (4,0) E: (5,9)
Coste: 47
Número de nodos generados: 33
Número de nodos inspeccionados: 23
